1.0                 	-0.07815124912563255	0.10868727931017376 
1.01                	-0.05443979756732423	0.06458135926671588 
1.02                	-0.034808349171179975	0.03609401360084911 
1.03                	-0.019957228811245585	0.01863235487419535 
1.04                	-0.010235272189179344	0.00868558755062772 
1.05                	-0.0034342224291063735	0.00354591634800519 
1.06                	0.0004766581911622383	0.001190193622987184
1.07                	0.0015002890479796221	0.00028810552274640983
1.08                	0.0014270675031906187	4.1324014065132244e-05
1.09                	0.0005004098173532881	1.4280504179153815e-06
1.1                 	0.0                 	0.0                 
